(11, )
(2, )
(3, i)
(44, )
(3, j)
(44, )
(3, count)
(44, )
(3, temp)
(59, )
(3, i)
(1, )
(19, 1)
(59, )
(3, j)
(1, )
(19, 0)
(59, )
(3, count)
(1, )
(19, 0)
(59, )
(4, )
(40, )
(3, count)
(41, )
(59, )
(3, count)
(1, )
(19, 0)
(59, )
(6, )
(3, j)
(25, )
(19, 0)
(2, )
(123, )
(9, )
(3, i)
(22, )
(19, 10)
(2, )
(123, )
(3, j)
(1, )
(19, 0)
(59, )
(9, )
(3, j)
(22, )
(19, 10)
(2, )
(123, )
(3, count)
(1, )
(3, count)
(43, )
(19, 1)
(59, )
(3, j)
(1, )
(3, j)
(43, )
(19, 1)
(59, )
(125, )
(3, i)
(1, )
(3, i)
(43, )
(19, 1)
(59, )
(125, )
(125, )
(4, )
(40, )
(3, count)
(41, )
(59, )
(6, )
(3, count)
(21, )
(19, 100)
(2, )
(123, )
(4, )
(40, )
(3, count)
(41, )
(59, )
(125, )
(7, )
(3, count)
(21, )
(19, 500)
(2, )
(123, )
(6, )
(3, count)
(23, )
(19, 100)
(2, )
(123, )
(4, )
(40, )
(3, j)
(41, )
(59, )
(4, )
(40, )
(3, count)
(41, )
(59, )
(3, i)
(1, )
(40, )
(40, )
(19, 100)
(47, )
(19, 2)
(41, )
(42, )
(40, )
(19, 20)
(47, )
(19, 10)
(41, )
(41, )
(42, )
(40, )
(19, 10)
(42, )
(3, count)
(41, )
(59, )
(4, )
(40, )
(3, i)
(41, )
(59, )
(125, )
(125, )
